1,1
1.0028,1
1.0056,1
1.0084,1
1.0112,1
1.014,1
1.0168,1
1.0196,1
1.0224,1
1.0252,1
1.028,1
1.0308,1
1.0336,1
1.0364,1
1.0392,1
1.042,1
1.0448,1
1.0476,1
1.0504,1
1.0532,1
1.056,1
1.0588,1
1.0616,1
1.0644,1
1.0672,1
1.07,1
1.0728,1
1.0756,1
1.0784,1
1.0812,1
1.084,1
1.0868,1
1.0896,1
1.0924,1
1.0952,1
1.098,1
1.1008,1
1.1036,1
1.1064,1
1.1092,1
1.112,1
1.1148,1
1.1176,1
1.1204,1
1.1232,1
1.126,1
1.1288,1
1.1316,1
1.1344,1
1.1372,1
1.14,1
1.1428,1
1.1456,1
1.1484,1
1.1512,1
1.154,1
1.1568,1
1.1596,1
1.1624,1
1.1652,1
1.168,1
1.1708,1
1.1736,1
1.1764,1
1.1792,1
1.182,1
1.1848,1
1.1876,1
1.1904,1
1.1932,1
1.196,1
1.1988,1
1.2016,1
1.2044,1
1.2072,1
1.21,1
1.2128,1
1.2156,1
1.2184,1
1.2212,1
1.224,1
1.2268,1
1.2296,1
1.2324,1
1.2352,1
1.238,1
1.2408,1
1.2436,1
1.2464,1
1.2492,1
1.252,1
1.2548,1
1.2576,1
1.2604,1
1.2632,1
1.266,1
1.2688,1
1.2716,1
1.2744,1
1.2772,1
1.28,1
1.2828,1
1.2856,1
1.2884,1
1.2912,1
1.294,1
1.2968,1
1.2996,1
1.3024,1
1.3052,1
1.308,1
1.3108,1
1.3136,1
1.3164,1
1.3192,1
1.322,1
1.3248,1
1.3276,1
1.3304,1
1.3332,1
1.336,1
1.3388,1
1.3416,1
1.3444,1
1.3472,1
1.35,1
1.3528,1
1.3556,1
1.3584,1
1.3612,1
1.364,1
1.3668,1
1.3696,1
1.3724,1
1.3752,1
1.378,1
1.3808,1
1.3836,1
1.3864,1
1.3892,1
1.392,1
1.3948,1
1.3976,1
1.4004,1
1.4032,1
1.406,1
1.4088,1
1.4116,1
1.4144,1
1.4172,1
1.42,1
1.4228,1
1.4256,1
1.4284,1
1.4312,1
1.434,1
1.4368,1
1.4396,1
1.4424,1
1.4452,1
1.448,1
1.4508,1
1.4536,1
1.4564,1
1.4592,1
1.462,1
1.4648,1
1.4676,1
1.4704,1
1.4732,1
1.476,1
1.4788,1
1.4816,1
1.4844,1
1.4872,1
1.49,1
1.4928,1
1.4956,1
1.4984,1
1.5012,1
1.504,1
1.5068,1
1.5096,1
1.5124,1
1.5152,1
1.518,1
1.5208,1
1.5236,1
1.5264,1
1.5292,1
1.532,1
1.5348,1
1.5376,1
1.5404,1
1.5432,1
1.546,1
1.5488,1
1.5516,1
1.5544,1
1.5572,1
1.56,1
1.5628,1
1.5656,1
1.5684,1
1.5712,1
1.574,1
1.5768,1
1.5796,1
1.5824,1
1.5852,1
1.588,1
1.5908,1
1.5936,1
1.5964,1
1.5992,1
1.602,1
1.6048,1
1.6076,1
1.6104,1
1.6132,1
1.616,1
1.6188,1
1.6216,1
1.6244,1
1.6272,1
1.63,1
1.6328,1
1.6356,1
1.6384,1
1.6412,1
1.644,1
1.6468,1
1.6496,1
1.6524,1
1.6552,1
1.658,1
1.6608,1
1.6636,1
1.6664,1
1.6692,1
1.672,1
1.6748,1
1.6776,1
1.6804,1
1.6832,1
1.686,1
1.6888,1
1.6916,1
1.6944,1
1.6972,1
1.7,1
1.7028,1
1.7056,1
1.7084,1
1.7112,1
1.714,1
1.7168,1
1.7196,1
1.7224,1
1.7252,1
1.728,1
1.7308,1
1.7336,1
1.7364,1
1.7392,1
1.742,1
1.7448,1
1.7476,1
1.7504,1
1.7532,1
1.756,1
1.7588,1
1.7616,1
1.7644,1
1.7672,1
1.77,1
1.7728,1
1.7756,1
1.7784,1
1.7812,1
1.784,1
1.7868,1
1.7896,1
1.7924,1
1.7952,1
1.798,1
1.8008,1
1.8036,1
1.8064,1
1.8092,1
1.812,1
1.8148,1
1.8176,1
1.8204,1
1.8232,1
1.826,1
1.8288,1
1.8316,1
1.8344,1
1.8372,1
1.84,1
1.8428,1
1.8456,1
1.8484,1
1.8512,1
1.854,1
1.8568,1
1.8596,1
1.8624,1
1.8652,1
1.868,1
1.8708,1
1.8736,1
1.8764,1
1.8792,1
1.882,1
1.8848,1
1.8876,1
1.8904,1
1.8932,1
1.896,1
1.8988,1
1.9016,1
1.9044,1
1.9072,1
1.91,1
1.9128,1
1.9156,1
1.9184,1
1.9212,1
1.924,1
1.9268,1
1.9296,1
1.9324,1
1.9352,1
1.938,1
1.9408,1
1.9436,1
1.9464,1
1.9492,1
1.952,1
1.9548,1
1.9576,1
1.9604,1
1.9632,1
1.966,1
1.9688,1
1.9716,1
1.9744,1
1.9772,1
1.98,1
1.9828,1
1.9856,1
1.9884,1
1.9912,1
1.994,1
1.9968,1
1.9996,256
2.0024,2
2.0052,2
2.008,2
2.0108,2
2.0136,2
2.0164,2
2.0192,2
2.022,2
2.0248,2
2.0276,2
2.0304,2
2.0332,2
2.036,2
2.0388,2
2.0416,2
2.0444,2
2.0472,2
2.05,2
2.0528,2
2.0556,2
2.0584,2
2.0612,2
2.064,2
2.0668,2
2.0696,2
2.0724,2
2.0752,2
2.078,2
2.0808,2
2.0836,2
2.0864,2
2.0892,2
2.092,2
2.0948,2
2.0976,2
2.1004,2
2.1032,2
2.106,2
2.1088,2
2.1116,2
2.1144,2
2.1172,2
2.12,2
2.1228,2
2.1256,2
2.1284,2
2.1312,2
2.134,2
2.1368,2
2.1396,2
2.1424,2
2.1452,2
2.148,2
2.1508,2
2.1536,2
2.1564,2
2.1592,2
2.162,2
2.1648,2
2.1676,2
2.1704,2
2.1732,2
2.176,2
2.1788,2
2.1816,2
2.1844,2
2.1872,2
2.19,2
2.1928,2
2.1956,2
2.1984,2
2.2012,2
2.204,2
2.2068,2
2.2096,2
2.2124,2
2.2152,2
2.218,2
2.2208,2
2.2236,2
2.2264,2
2.2292,2
2.232,2
2.2348,2
2.2376,2
2.2404,2
2.2432,2
2.246,2
2.2488,2
2.2516,2
2.2544,2
2.2572,2
2.26,2
2.2628,2
2.2656,2
2.2684,2
2.2712,2
2.274,2
2.2768,2
2.2796,2
2.2824,2
2.2852,2
2.288,2
2.2908,2
2.2936,2
2.2964,2
2.2992,2
2.302,2
2.3048,2
2.3076,2
2.3104,2
2.3132,2
2.316,2
2.3188,2
2.3216,2
2.3244,2
2.3272,2
2.33,2
2.3328,2
2.3356,2
2.3384,2
2.3412,2
2.344,2
2.3468,2
2.3496,2
2.3524,2
2.3552,2
2.358,2
2.3608,2
2.3636,2
2.3664,2
2.3692,2
2.372,2
2.3748,2
2.3776,2
2.3804,2
2.3832,2
2.386,2
2.3888,2
2.3916,2
2.3944,2
2.3972,2
2.4,2
2.4028,2
2.4056,2
2.4084,2
2.4112,2
2.414,2
2.4168,2
2.4196,2
2.4224,2
2.4252,2
2.428,2
2.4308,2
2.4336,2
2.4364,2
2.4392,2
2.442,2
2.4448,2
2.4476,2
2.4504,2
2.4532,2
2.456,2
2.4588,2
2.4616,2
2.4644,2
2.4672,2
2.47,2
2.4728,2
2.4756,2
2.4784,2
2.4812,2
2.484,2
2.4868,2
2.4896,2
2.4924,2
2.4952,2
2.498,2
2.5008,2
2.5036,2
2.5064,2
2.5092,2
2.512,2
2.5148,2
2.5176,2
2.5204,2
2.5232,2
2.526,2
2.5288,2
2.5316,2
2.5344,2
2.5372,2
2.54,2
2.5428,2
2.5456,2
2.5484,2
2.5512,2
2.554,2
2.5568,2
2.5596,2
2.5624,2
2.5652,2
2.568,2
2.5708,2
2.5736,2
2.5764,2
2.5792,2
2.582,2
2.5848,2
2.5876,2
2.5904,2
2.5932,2
2.596,2
2.5988,2
2.6016,2
2.6044,2
2.6072,2
2.61,2
2.6128,2
2.6156,2
2.6184,2
2.6212,2
2.624,2
2.6268,2
2.6296,2
2.6324,2
2.6352,2
2.638,2
2.6408,2
2.6436,2
2.6464,2
2.6492,2
2.652,2
2.6548,2
2.6576,2
2.6604,2
2.6632,2
2.666,2
2.6688,2
2.6716,2
2.6744,2
2.6772,2
2.68,2
2.6828,2
2.6856,2
2.6884,2
2.6912,2
2.694,2
2.6968,2
2.6996,2
2.7024,2
2.7052,2
2.708,2
2.7108,2
2.7136,2
2.7164,2
2.7192,2
2.722,2
2.7248,2
2.7276,2
2.7304,2
2.7332,2
2.736,2
2.7388,2
2.7416,2
2.7444,2
2.7472,2
2.75,2
2.7528,2
2.7556,2
2.7584,2
2.7612,2
2.764,2
2.7668,2
2.7696,2
2.7724,2
2.7752,2
2.778,2
2.7808,2
2.7836,2
2.7864,2
2.7892,2
2.792,2
2.7948,2
2.7976,2
2.8004,2
2.8032,2
2.806,2
2.8088,2
2.8116,2
2.8144,2
2.8172,2
2.82,2
2.8228,2
2.8256,2
2.8284,256
2.8312,4
2.834,4
2.8368,4
2.8396,4
2.8424,4
2.8452,4
2.848,4
2.8508,4
2.8536,4
2.8564,4
2.8592,4
2.862,4
2.8648,4
2.8676,4
2.8704,4
2.8732,4
2.876,4
2.8788,4
2.8816,4
2.8844,4
2.8872,4
2.89,4
2.8928,4
2.8956,4
2.8984,4
2.9012,4
2.904,4
2.9068,4
2.9096,4
2.9124,4
2.9152,4
2.918,4
2.9208,4
2.9236,4
2.9264,4
2.9292,4
2.932,4
2.9348,4
2.9376,4
2.9404,4
2.9432,4
2.946,4
2.9488,4
2.9516,4
2.9544,4
2.9572,4
2.96,4
2.9628,4
2.9656,4
2.9684,4
2.9712,4
2.974,4
2.9768,4
2.9796,4
2.9824,4
2.9852,4
2.988,4
2.9908,4
2.9936,4
2.9964,4
2.9992,4
3.002,4
3.0048,4
3.0076,4
3.0104,4
3.0132,4
3.016,4
3.0188,4
3.0216,4
3.0244,4
3.0272,4
3.03,4
3.0328,4
3.0356,4
3.0384,4
3.0412,4
3.044,4
3.0468,4
3.0496,4
3.0524,4
3.0552,4
3.058,4
3.0608,4
3.0636,4
3.0664,4
3.0692,4
3.072,4
3.0748,4
3.0776,4
3.0804,4
3.0832,4
3.086,4
3.0888,4
3.0916,4
3.0944,4
3.0972,4
3.1,4
3.1028,4
3.1056,4
3.1084,4
3.1112,4
3.114,4
3.1168,4
3.1196,4
3.1224,4
3.1252,4
3.128,4
3.1308,4
3.1336,4
3.1364,4
3.1392,4
3.142,4
3.1448,4
3.1476,4
3.1504,4
3.1532,4
3.156,4
3.1588,4
3.1616,4
3.1644,4
3.1672,4
3.17,4
3.1728,4
3.1756,4
3.1784,4
3.1812,4
3.184,4
3.1868,4
3.1896,4
3.1924,4
3.1952,4
3.198,4
3.2008,4
3.2036,4
3.2064,4
3.2092,4
3.212,8
3.2148,8
3.2176,8
3.2204,8
3.2232,8
3.226,8
3.2288,8
3.2316,8
3.2344,8
3.2372,8
3.24,8
3.2428,8
3.2456,8
3.2484,8
3.2512,8
3.254,8
3.2568,8
3.2596,8
3.2624,8
3.2652,8
3.268,8
3.2708,8
3.2736,8
3.2764,8
3.2792,8
3.282,8
3.2848,8
3.2876,8
3.2904,8
3.2932,8
3.296,8
3.2988,8
3.3016,8
3.3044,8
3.3072,8
3.31,256
3.3128,16
3.3156,16
3.3184,16
3.3212,16
3.324,16
3.3268,16
3.3296,16
3.3324,256
3.3352,32
3.338,64
3.3408,256
3.3436,256
3.3464,256
3.3492,256
3.352,256
3.3548,256
3.3576,256
3.3604,256
3.3632,256
3.366,256
3.3688,256
3.3716,256
3.3744,256
3.3772,256
3.38,160
3.3828,256
3.3856,256
3.3884,28
3.3912,256
3.394,256
3.3968,256
3.3996,256
3.4024,256
3.4052,12
3.408,12
3.4108,48
3.4136,256
3.4164,256
3.4192,256
3.422,256
3.4248,256
3.4276,256
3.4304,256
3.4332,256
3.436,256
3.4388,256
3.4416,256
3.4444,256
3.4472,32
3.45,256
3.4528,256
3.4556,256
3.4584,256
3.4612,256
3.464,256
3.4668,256
3.4696,256
3.4724,256
3.4752,256
3.478,256
3.4808,256
3.4836,256
3.4864,256
3.4892,256
3.492,256
3.4948,256
3.4976,28
3.5004,256
3.5032,256
3.506,256
3.5088,256
3.5116,256
3.5144,256
3.5172,256
3.52,256
3.5228,256
3.5256,256
3.5284,256
3.5312,256
3.534,256
3.5368,256
3.5396,256
3.5424,256
3.5452,10
3.548,20
3.5508,256
3.5536,256
3.5564,256
3.5592,256
3.562,256
3.5648,256
3.5676,256
3.5704,256
3.5732,256
3.576,256
3.5788,256
3.5816,256
3.5844,256
3.5872,256
3.59,256
3.5928,256
3.5956,256
3.5984,256
3.6012,256
3.604,256
3.6068,256
3.6096,256
3.6124,256
3.6152,256
3.618,256
3.6208,256
3.6236,256
3.6264,256
3.6292,256
3.632,256
3.6348,256
3.6376,256
3.6404,256
3.6432,256
3.646,256
3.6488,256
3.6516,256
3.6544,256
3.6572,256
3.66,256
3.6628,256
3.6656,6
3.6684,6
3.6712,6
3.674,6
3.6768,6
3.6796,6
3.6824,6
3.6852,12
3.688,12
3.6908,12
3.6936,24
3.6964,256
3.6992,256
3.702,256
3.7048,256
3.7076,256
3.7104,256
3.7132,256
3.716,256
3.7188,256
3.7216,256
3.7244,256
3.7272,256
3.73,256
3.7328,256
3.7356,256
3.7384,256
3.7412,256
3.744,256
3.7468,256
3.7496,256
3.7524,256
3.7552,256
3.758,256
3.7608,256
3.7636,256
3.7664,256
3.7692,256
3.772,256
3.7748,256
3.7776,256
3.7804,256
3.7832,256
3.786,256
3.7888,256
3.7916,256
3.7944,256
3.7972,256
3.8,256
3.8028,256
3.8056,256
3.8084,256
3.8112,256
3.814,256
3.8168,256
3.8196,256
3.8224,256
3.8252,256
3.828,256
3.8308,256
3.8336,256
3.8364,256
3.8392,256
3.842,256
3.8448,256
3.8476,256
3.8504,256
3.8532,256
3.856,256
3.8588,256
3.8616,256
3.8644,256
3.8672,256
3.87,256
3.8728,256
3.8756,256
3.8784,256
3.8812,256
3.884,256
3.8868,256
3.8896,256
3.8924,256
3.8952,256
3.898,256
3.9008,256
3.9036,256
3.9064,256
3.9092,256
3.912,256
3.9148,256
3.9176,256
3.9204,256
3.9232,256
3.926,256
3.9288,256
3.9316,256
3.9344,256
3.9372,256
3.94,256
3.9428,256
3.9456,256
3.9484,256
3.9512,256
3.954,256
3.9568,256
3.9596,256
3.9624,256
3.9652,256
3.968,256
3.9708,256
3.9736,256
3.9764,256
3.9792,256
3.982,256
3.9848,256
3.9876,256
3.9904,256
3.9932,256
3.996,256
3.9988,256
4.0016,256
4.0044,256
4.0072,256
4.01,256
4.0128,256
4.0156,256
4.0184,256
4.0212,256
4.024,256
4.0268,256
4.0296,256
4.0324,256
4.0352,256
4.038,256
4.0408,7
4.0436,28
4.0464,256
4.0492,256
4.052,256
4.0548,256
4.0576,256
4.0604,256
4.0632,256
4.066,256
4.0688,256
4.0716,256
4.0744,256
4.0772,256
4.08,256
4.0828,256
4.0856,256
4.0884,256
4.0912,256
4.094,256
4.0968,256
4.0996,256
4.1024,256
4.1052,22
4.108,256
4.1108,256
4.1136,256
4.1164,256
4.1192,256
4.122,256
4.1248,256
4.1276,256
4.1304,256
4.1332,256
4.136,256
4.1388,256
4.1416,256
4.1444,256
4.1472,256
4.15,256
4.1528,256
4.1556,256
4.1584,256
4.1612,256
4.164,256
4.1668,256
4.1696,256
4.1724,256
4.1752,256
4.178,9
4.1808,256
4.1836,256
4.1864,256
4.1892,256
4.192,256
4.1948,256
4.1976,256
4.2004,256
4.2032,256
4.206,256
4.2088,256
4.2116,256
4.2144,256
4.2172,256
4.22,256
4.2228,256
4.2256,256
4.2284,256
4.2312,256
4.234,256
4.2368,256
4.2396,256
4.2424,256
4.2452,256
4.248,256
4.2508,256
4.2536,256
4.2564,256
4.2592,256
4.262,256
4.2648,256
4.2676,256
4.2704,256
4.2732,256
4.276,256
4.2788,256
4.2816,256
4.2844,256
4.2872,256
4.29,256
4.2928,256
4.2956,256
4.2984,256
4.3012,256
4.304,256
4.3068,256
4.3096,256
4.3124,256
4.3152,256
4.318,256
4.3208,256
4.3236,256
4.3264,256
4.3292,256
4.332,256
4.3348,256
4.3376,256
4.3404,256
4.3432,256
4.346,256
4.3488,256
4.3516,256
4.3544,256
4.3572,256
4.36,256
4.3628,256
4.3656,256
4.3684,256
4.3712,256
4.374,256
4.3768,256
4.3796,256
4.3824,256
4.3852,5
4.388,5
4.3908,5
4.3936,5
4.3964,5
4.3992,5
4.402,5
4.4048,5
4.4076,5
4.4104,5
4.4132,5
4.416,5
4.4188,5
4.4216,5
4.4244,5
4.4272,5
4.43,10
4.4328,10
4.4356,10
4.4384,10
4.4412,10
4.444,10
4.4468,10
4.4496,10
4.4524,20
4.4552,20
4.458,120
4.4608,256
4.4636,256
4.4664,256
4.4692,256
4.472,256
4.4748,30
4.4776,256
4.4804,256
4.4832,256
4.486,256
4.4888,256
4.4916,256
4.4944,256
4.4972,256
4.5,256
4.5028,256
4.5056,256
4.5084,256
4.5112,256
4.514,256
4.5168,256
4.5196,256
4.5224,256
4.5252,256
4.528,256
4.5308,256
4.5336,256
4.5364,256
4.5392,256
4.542,256
4.5448,256
4.5476,256
4.5504,256
4.5532,256
4.556,256
4.5588,256
4.5616,256
4.5644,256
4.5672,256
4.57,256
4.5728,256
4.5756,256
4.5784,256
4.5812,256
4.584,256
4.5868,256
4.5896,256
4.5924,256
4.5952,256
4.598,256
4.6008,256
4.6036,256
4.6064,256
4.6092,256
4.612,256
4.6148,256
4.6176,256
4.6204,256
4.6232,256
4.626,256
4.6288,256
4.6316,256
4.6344,256
4.6372,256
4.64,256
4.6428,256
4.6456,256
4.6484,256
4.6512,256
4.654,256
4.6568,256
4.6596,256
4.6624,256
4.6652,256
4.668,256
4.6708,256
4.6736,256
4.6764,256
4.6792,256
4.682,256
4.6848,256
4.6876,256
4.6904,256
4.6932,256
4.696,256
4.6988,256
4.7016,256
4.7044,256
4.7072,256
4.71,256
4.7128,256
4.7156,256
4.7184,9
4.7212,256
4.724,256
4.7268,256
4.7296,256
4.7324,256
4.7352,256
4.738,256
4.7408,256
4.7436,256
4.7464,256
4.7492,256
4.752,256
4.7548,256
4.7576,256
4.7604,256
4.7632,256
4.766,256
4.7688,256
4.7716,256
4.7744,256
4.7772,256
4.78,256
4.7828,256
4.7856,256
4.7884,256
4.7912,256
4.794,256
4.7968,256
4.7996,256
4.8024,256
4.8052,256
4.808,256
4.8108,256
4.8136,256
4.8164,256
4.8192,256
4.822,256
4.8248,256
4.8276,256
4.8304,256
4.8332,256
4.836,256
4.8388,256
4.8416,256
4.8444,256
4.8472,256
4.85,256
4.8528,256
4.8556,256
4.8584,256
4.8612,256
4.864,256
4.8668,256
4.8696,256
4.8724,256
4.8752,256
4.878,256
4.8808,256
4.8836,256
4.8864,256
4.8892,256
4.892,256
4.8948,256
4.8976,256
4.9004,256
4.9032,256
4.906,256
4.9088,256
4.9116,256
4.9144,256
4.9172,256
4.92,256
4.9228,256
4.9256,256
4.9284,256
4.9312,256
4.934,256
4.9368,256
4.9396,256
4.9424,256
4.9452,256
4.948,256
4.9508,256
4.9536,256
4.9564,256
4.9592,256
4.962,256
4.9648,256
4.9676,256
4.9704,256
4.9732,256
4.976,256
4.9788,256
4.9816,256
4.9844,256
4.9872,256
4.99,256
4.9928,256
4.9956,256
4.9984,256
5.0012,256
5.004,256
5.0068,256
5.0096,256
5.0124,256
5.0152,256
5.018,256
5.0208,256
5.0236,7
5.0264,7
5.0292,7
5.032,7
5.0348,14
5.0376,14
5.0404,28
5.0432,256
5.046,21
5.0488,256
5.0516,256
5.0544,256
5.0572,256
5.06,256
5.0628,256
5.0656,256
5.0684,256
5.0712,256
5.074,256
5.0768,256
5.0796,256
5.0824,256
5.0852,256
5.088,256
5.0908,256
5.0936,256
5.0964,256
5.0992,256
5.102,256
5.1048,256
5.1076,256
5.1104,256
5.1132,256
5.116,256
5.1188,256
5.1216,256
5.1244,256
5.1272,256
5.13,256
5.1328,256
5.1356,256
5.1384,256
5.1412,256
5.144,256
5.1468,256
5.1496,256
5.1524,256
5.1552,256
5.158,256
5.1608,256
5.1636,256
5.1664,256
5.1692,256
5.172,256
5.1748,256
5.1776,256
5.1804,256
5.1832,256
5.186,256
5.1888,256
5.1916,256
5.1944,256
5.1972,256
5.2,256
5.2028,256
5.2056,256
5.2084,256
5.2112,256
5.214,256
5.2168,256
5.2196,256
5.2224,256
5.2252,256
5.228,256
5.2308,256
5.2336,256
5.2364,256
5.2392,256
5.242,256
5.2448,256
5.2476,256
5.2504,256
5.2532,256
5.256,256
5.2588,256
5.2616,256
5.2644,256
5.2672,256
5.27,256
5.2728,256
5.2756,256
5.2784,256
5.2812,256
5.284,256
5.2868,256
5.2896,256
5.2924,256
5.2952,256
5.298,256
5.3008,256
5.3036,256
5.3064,256
5.3092,256
5.312,256
5.3148,256
5.3176,256
5.3204,256
5.3232,256
5.326,256
5.3288,256
5.3316,256
5.3344,256
5.3372,256
5.34,256
5.3428,256
5.3456,256
5.3484,256
5.3512,256
5.354,256
5.3568,256
5.3596,256
5.3624,256
5.3652,256
5.368,256
5.3708,256
5.3736,256
5.3764,256
5.3792,256
5.382,256
5.3848,256
5.3876,256
5.3904,256
5.3932,256
5.396,256
5.3988,256
5.4016,256
5.4044,256
5.4072,256
5.41,256
5.4128,256
5.4156,256
5.4184,256
5.4212,256
5.424,256
5.4268,256
5.4296,256
5.4324,256
5.4352,256
5.438,256
5.4408,256
5.4436,256
5.4464,256
5.4492,256
5.452,256
5.4548,256
5.4576,256
5.4604,256
5.4632,256
5.466,256
5.4688,256
5.4716,256
5.4744,256
5.4772,256
5.48,256
5.4828,256
5.4856,256
5.4884,256
5.4912,256
5.494,256
5.4968,256
5.4996,256
5.5024,256
5.5052,256
5.508,256
5.5108,256
5.5136,256
5.5164,256
5.5192,256
5.522,256
5.5248,256
5.5276,256
5.5304,8
5.5332,8
5.536,16
5.5388,256
5.5416,256
5.5444,256
5.5472,256
5.55,256
5.5528,256
5.5556,256
5.5584,256
5.5612,256
5.564,256
5.5668,256
5.5696,256
5.5724,256
5.5752,256
5.578,256
5.5808,256
5.5836,256
5.5864,256
5.5892,256
5.592,256
5.5948,256
5.5976,256
5.6004,256
5.6032,256
5.606,256
5.6088,256
5.6116,256
5.6144,256
5.6172,256
5.62,256
5.6228,256
5.6256,256
5.6284,256
5.6312,256
5.634,256
5.6368,256
5.6396,256
5.6424,256
5.6452,256
5.648,256
5.6508,256
5.6536,256
5.6564,256
5.6592,256
5.662,256
5.6648,256
5.6676,256
5.6704,256
5.6732,256
5.676,256
5.6788,256
5.6816,256
5.6844,256
5.6872,256
5.69,256
5.6928,256
5.6956,256
5.6984,256
5.7012,256
5.704,256
5.7068,256
5.7096,256
5.7124,256
5.7152,256
5.718,256
5.7208,256
5.7236,256
5.7264,256
5.7292,256
5.732,256
5.7348,256
5.7376,256
5.7404,256
5.7432,256
5.746,256
5.7488,256
5.7516,256
5.7544,256
5.7572,256
5.76,256
5.7628,256
5.7656,256
5.7684,256
5.7712,256
5.774,256
5.7768,256
5.7796,256
5.7824,256
5.7852,256
5.788,256
5.7908,256
5.7936,256
5.7964,256
5.7992,256
5.802,256
5.8048,256
5.8076,256
5.8104,256
5.8132,20
5.816,256
5.8188,256
5.8216,256
5.8244,256
5.8272,256
5.83,256
5.8328,256
5.8356,256
5.8384,256
5.8412,256
5.844,256
5.8468,256
5.8496,256
5.8524,256
5.8552,256
5.858,256
5.8608,256
5.8636,256
5.8664,256
5.8692,256
5.872,256
5.8748,256
5.8776,256
5.8804,256
5.8832,256
5.886,256
5.8888,256
5.8916,256
5.8944,256
5.8972,256
5.9,256
5.9028,256
5.9056,256
5.9084,256
5.9112,256
5.914,256
5.9168,256
5.9196,256
5.9224,256
5.9252,256
5.928,256
5.9308,256
5.9336,256
5.9364,256
5.9392,256
5.942,256
5.9448,256
5.9476,256
5.9504,256
5.9532,256
5.956,256
5.9588,256
5.9616,256
5.9644,256
5.9672,256
5.97,256
5.9728,256
5.9756,256
5.9784,256
5.9812,256
5.984,256
5.9868,256
5.9896,256
5.9924,256
5.9952,256
5.998,256
6.0008,256
6.0036,256
6.0064,256
6.0092,256
6.012,256
6.0148,256
6.0176,256
6.0204,256
6.0232,256
6.026,256
6.0288,256
6.0316,256
6.0344,256
6.0372,256
6.04,256
6.0428,256
6.0456,256
6.0484,256
6.0512,256
6.054,256
6.0568,256
6.0596,256
6.0624,256
6.0652,256
6.068,256
6.0708,256
6.0736,256
6.0764,256
6.0792,256
6.082,256
6.0848,256
6.0876,256
6.0904,256
6.0932,256
6.096,256
6.0988,256
6.1016,256
6.1044,256
6.1072,256
6.11,256
6.1128,256
6.1156,256
6.1184,256
6.1212,256
6.124,256
6.1268,256
6.1296,256
6.1324,256
6.1352,256
6.138,256
6.1408,256
6.1436,256
6.1464,256
6.1492,256
6.152,256
6.1548,256
6.1576,256
6.1604,256
6.1632,256
6.166,256
6.1688,256
6.1716,256
6.1744,256
6.1772,256
6.18,256
6.1828,256
6.1856,256
6.1884,256
6.1912,256
6.194,256
6.1968,256
6.1996,256
6.2024,256
6.2052,256
6.208,256
6.2108,256
6.2136,256
6.2164,256
6.2192,256
6.222,256
6.2248,256
6.2276,256
6.2304,256
6.2332,256
6.236,256
6.2388,256
6.2416,256
6.2444,256
6.2472,256
6.25,256
6.2528,256
6.2556,256
6.2584,256
6.2612,256
6.264,256
6.2668,256
6.2696,256
6.2724,256
6.2752,256
6.278,256
6.2808,256
6.2836,256
6.2864,256
6.2892,256
6.292,256
6.2948,256
6.2976,256
6.3004,256
6.3032,256
6.306,256
6.3088,256
6.3116,256
6.3144,256
6.3172,256
6.32,256
6.3228,256
6.3256,256
6.3284,256
6.3312,256
6.334,256
6.3368,256
6.3396,256
6.3424,256
6.3452,256
6.348,256
6.3508,256
6.3536,256
6.3564,256
6.3592,256
6.362,256
6.3648,256
6.3676,256
6.3704,256
6.3732,256
6.376,256
6.3788,256
6.3816,256
6.3844,256
6.3872,256
6.39,256
6.3928,256
6.3956,256
6.3984,256
6.4012,256
6.404,256
6.4068,256
6.4096,256
6.4124,256
6.4152,256
6.418,256
6.4208,256
6.4236,256
6.4264,256
6.4292,256
6.432,256
6.4348,256
6.4376,256
6.4404,256
6.4432,256
6.446,256
6.4488,256
6.4516,256
6.4544,256
6.4572,256
6.46,256
6.4628,256
6.4656,256
6.4684,256
6.4712,256
6.474,256
6.4768,256
6.4796,256
6.4824,256
6.4852,256
6.488,256
6.4908,256
6.4936,256
6.4964,256
6.4992,256
6.502,256
6.5048,256
6.5076,256
6.5104,256
6.5132,256
6.516,256
6.5188,256
6.5216,256
6.5244,256
6.5272,256
6.53,256
6.5328,256
6.5356,256
6.5384,256
6.5412,256
6.544,256
6.5468,256
6.5496,256
6.5524,256
6.5552,256
6.558,256
6.5608,256
6.5636,256
6.5664,256
6.5692,256
6.572,256
6.5748,256
6.5776,256
6.5804,256
6.5832,256
6.586,256
6.5888,256
6.5916,256
6.5944,256
6.5972,256
6.6,256
6.6028,256
6.6056,256
6.6084,256
6.6112,256
6.614,256
6.6168,256
6.6196,256
6.6224,256
6.6252,256
6.628,256
6.6308,256
6.6336,256
6.6364,256
6.6392,256
6.642,256
6.6448,256
6.6476,256
6.6504,256
6.6532,256
6.656,256
6.6588,256
6.6616,256
6.6644,256
6.6672,256
6.67,256
6.6728,256
6.6756,256
6.6784,256
6.6812,256
6.684,256
6.6868,256
6.6896,256
6.6924,256
6.6952,256
6.698,256
6.7008,256
6.7036,98
6.7064,256
6.7092,256
6.712,256
6.7148,256
6.7176,3
6.7204,3
6.7232,3
6.726,3
6.7288,3
6.7316,3
6.7344,3
6.7372,3
6.74,3
6.7428,3
6.7456,3
6.7484,3
6.7512,3
6.754,3
6.7568,3
6.7596,3
6.7624,3
6.7652,3
6.768,3
6.7708,3
6.7736,3
6.7764,3
6.7792,3
6.782,3
6.7848,3
6.7876,3
6.7904,3
6.7932,3
6.796,3
6.7988,3
6.8016,3
6.8044,3
6.8072,3
6.81,3
6.8128,3
6.8156,3
6.8184,3
6.8212,3
6.824,3
6.8268,3
6.8296,3
6.8324,3
6.8352,3
6.838,3
6.8408,3
6.8436,3
6.8464,3
6.8492,3
6.852,3
6.8548,3
6.8576,3
6.8604,3
6.8632,3
6.866,3
6.8688,3
6.8716,3
6.8744,3
6.8772,3
6.88,3
6.8828,3
6.8856,3
6.8884,3
6.8912,3
6.894,3
6.8968,3
6.8996,3
6.9024,3
6.9052,3
6.908,3
6.9108,3
6.9136,3
6.9164,3
6.9192,3
6.922,3
6.9248,3
6.9276,3
6.9304,3
6.9332,3
6.936,3
6.9388,3
6.9416,3
6.9444,3
6.9472,3
6.95,3
6.9528,3
6.9556,3
6.9584,3
6.9612,3
6.964,3
6.9668,3
6.9696,3
6.9724,3
6.9752,3
6.978,3
6.9808,3
6.9836,3
6.9864,3
6.9892,3
6.992,3
6.9948,3
6.9976,3
7.0004,3
7.0032,3
7.006,3
7.0088,3
7.0116,3
7.0144,3
7.0172,3
7.02,3
7.0228,3
7.0256,3
7.0284,3
7.0312,3
7.034,3
7.0368,3
7.0396,3
7.0424,3
7.0452,3
7.048,3
7.0508,3
7.0536,3
7.0564,3
7.0592,3
7.062,3
7.0648,3
7.0676,3
7.0704,3
7.0732,3
7.076,3
7.0788,3
7.0816,3
7.0844,3
7.0872,3
7.09,3
7.0928,3
7.0956,3
7.0984,3
7.1012,3
7.104,3
7.1068,3
7.1096,3
7.1124,3
7.1152,3
7.118,3
7.1208,3
7.1236,3
7.1264,3
7.1292,3
7.132,3
7.1348,3
7.1376,3
7.1404,3
7.1432,3
7.146,3
7.1488,3
7.1516,3
7.1544,3
7.1572,3
7.16,3
7.1628,3
7.1656,3
7.1684,3
7.1712,3
7.174,3
7.1768,3
7.1796,3
7.1824,3
7.1852,3
7.188,3
7.1908,3
7.1936,3
7.1964,3
7.1992,3
7.202,3
7.2048,3
7.2076,3
7.2104,3
7.2132,3
7.216,3
7.2188,3
7.2216,3
7.2244,3
7.2272,3
7.23,3
7.2328,3
7.2356,3
7.2384,3
7.2412,3
7.244,3
7.2468,3
7.2496,3
7.2524,3
7.2552,3
7.258,3
7.2608,3
7.2636,3
7.2664,3
7.2692,3
7.272,3
7.2748,3
7.2776,3
7.2804,3
7.2832,3
7.286,3
7.2888,3
7.2916,3
7.2944,3
7.2972,3
7.3,3
7.3028,3
7.3056,3
7.3084,3
7.3112,3
7.314,3
7.3168,3
7.3196,3
7.3224,3
7.3252,3
7.328,3
7.3308,3
7.3336,3
7.3364,3
7.3392,3
7.342,3
7.3448,3
7.3476,3
7.3504,3
7.3532,3
7.356,3
7.3588,3
7.3616,3
7.3644,3
7.3672,3
7.37,3
7.3728,3
7.3756,3
7.3784,3
7.3812,3
7.384,3
7.3868,3
7.3896,3
7.3924,3
7.3952,3
7.398,3
7.4008,3
7.4036,3
7.4064,3
7.4092,3
7.412,3
7.4148,3
7.4176,3
7.4204,3
7.4232,3
7.426,3
7.4288,3
7.4316,3
7.4344,3
7.4372,3
7.44,3
7.4428,3
7.4456,3
7.4484,3
7.4512,3
7.454,3
7.4568,3
7.4596,3
7.4624,3
7.4652,3
7.468,3
7.4708,3
7.4736,3
7.4764,3
7.4792,3
7.482,3
7.4848,3
7.4876,3
7.4904,3
7.4932,3
7.496,3
7.4988,3
7.5016,3
7.5044,3
7.5072,3
7.51,3
7.5128,3
7.5156,3
7.5184,3
7.5212,3
7.524,3
7.5268,3
7.5296,3
7.5324,3
7.5352,3
7.538,3
7.5408,3
7.5436,3
7.5464,3
7.5492,3
7.552,3
7.5548,3
7.5576,3
7.5604,3
7.5632,3
7.566,3
7.5688,3
7.5716,3
7.5744,3
7.5772,3
7.58,3
7.5828,3
7.5856,3
7.5884,3
7.5912,3
7.594,3
7.5968,3
7.5996,3
7.6024,3
7.6052,3
7.608,3
7.6108,3
7.6136,3
7.6164,3
7.6192,3
7.622,3
7.6248,3
7.6276,3
7.6304,3
7.6332,3
7.636,3
7.6388,3
7.6416,3
7.6444,3
7.6472,3
7.65,3
7.6528,3
7.6556,3
7.6584,3
7.6612,3
7.664,3
7.6668,3
7.6696,3
7.6724,3
7.6752,3
7.678,3
7.6808,3
7.6836,3
7.6864,3
7.6892,3
7.692,3
7.6948,3
7.6976,3
7.7004,3
7.7032,3
7.706,3
7.7088,3
7.7116,3
7.7144,3
7.7172,3
7.72,3
7.7228,3
7.7256,3
7.7284,3
7.7312,3
7.734,3
7.7368,3
7.7396,3
7.7424,3
7.7452,3
7.748,3
7.7508,3
7.7536,3
7.7564,3
7.7592,3
7.762,3
7.7648,3
7.7676,3
7.7704,3
7.7732,3
7.776,3
7.7788,3
7.7816,3
7.7844,3
7.7872,3
7.79,3
7.7928,3
7.7956,3
7.7984,3
7.8012,3
7.804,3
7.8068,3
7.8096,3
7.8124,3
7.8152,3
7.818,3
7.8208,3
7.8236,3
7.8264,3
7.8292,3
7.832,3
7.8348,3
7.8376,3
7.8404,3
7.8432,3
7.846,3
7.8488,3
7.8516,3
7.8544,3
7.8572,3
7.86,3
7.8628,3
7.8656,3
7.8684,3
7.8712,3
7.874,3
7.8768,3
7.8796,3
7.8824,3
7.8852,3
7.888,3
7.8908,3
7.8936,3
7.8964,3
7.8992,3
7.902,3
7.9048,3
7.9076,3
7.9104,3
7.9132,3
7.916,3
7.9188,3
7.9216,3
7.9244,3
7.9272,3
7.93,3
7.9328,3
7.9356,3
7.9384,3
7.9412,3
7.944,3
7.9468,3
7.9496,3
7.9524,3
7.9552,3
7.958,3
7.9608,3
7.9636,3
7.9664,3
7.9692,3
7.972,3
7.9748,3
7.9776,3
7.9804,3
7.9832,3
7.986,3
7.9888,3
7.9916,3
7.9944,3
7.9972,3
8,3
8.0028,3
8.0056,3
8.0084,3
8.0112,3
8.014,3
8.0168,3
8.0196,3
8.0224,3
8.0252,3
8.028,3
8.0308,3
8.0336,3
8.0364,3
8.0392,3
8.042,3
8.0448,3
8.0476,3
8.0504,3
8.0532,3
8.056,3
8.0588,3
8.0616,3
8.0644,3
8.0672,3
8.07,3
8.0728,3
8.0756,3
8.0784,3
8.0812,3
8.084,3
8.0868,3
8.0896,3
8.0924,3
8.0952,3
8.098,3
8.1008,3
8.1036,3
8.1064,3
8.1092,3
8.112,3
8.1148,3
8.1176,3
8.1204,3
8.1232,3
8.126,3
8.1288,3
8.1316,3
8.1344,3
8.1372,3
8.14,3
8.1428,3
8.1456,3
8.1484,3
8.1512,3
8.154,3
8.1568,3
8.1596,3
8.1624,3
8.1652,3
8.168,3
8.1708,3
8.1736,3
8.1764,3
8.1792,3
8.182,3
8.1848,3
8.1876,3
8.1904,3
8.1932,3
8.196,3
8.1988,3
8.2016,3
8.2044,3
8.2072,3
8.21,3
8.2128,3
8.2156,3
8.2184,3
8.2212,3
8.224,3
8.2268,3
8.2296,3
8.2324,3
8.2352,3
8.238,3
8.2408,3
8.2436,3
8.2464,3
8.2492,3
8.252,3
8.2548,3
8.2576,3
8.2604,3
8.2632,3
8.266,3
8.2688,3
8.2716,3
8.2744,3
8.2772,3
8.28,3
8.2828,3
8.2856,3
8.2884,3
8.2912,3
8.294,3
8.2968,3
8.2996,3
8.3024,3
8.3052,3
8.308,3
8.3108,3
8.3136,3
8.3164,3
8.3192,3
8.322,3
8.3248,3
8.3276,3
8.3304,3
8.3332,3
8.336,3
8.3388,3
8.3416,3
8.3444,3
8.3472,3
8.35,3
8.3528,3
8.3556,3
8.3584,3
8.3612,3
8.364,3
8.3668,3
8.3696,3
8.3724,3
8.3752,3
8.378,3
8.3808,3
8.3836,3
8.3864,3
8.3892,3
8.392,3
8.3948,3
8.3976,3
8.4004,3
8.4032,3
8.406,3
8.4088,3
8.4116,3
8.4144,3
8.4172,3
8.42,3
8.4228,3
8.4256,3
8.4284,3
8.4312,3
8.434,3
8.4368,3
8.4396,3
8.4424,3
8.4452,3
8.448,3
8.4508,3
8.4536,3
8.4564,3
8.4592,3
8.462,3
8.4648,3
8.4676,3
8.4704,3
8.4732,3
8.476,3
8.4788,3
8.4816,3
8.4844,3
8.4872,3
8.49,3
8.4928,3
8.4956,3
8.4984,3
8.5012,3
8.504,3
8.5068,3
8.5096,3
8.5124,3
8.5152,3
8.518,3
8.5208,3
8.5236,3
8.5264,3
8.5292,3
8.532,3
8.5348,3
8.5376,3
8.5404,3
8.5432,3
8.546,3
8.5488,3
8.5516,3
8.5544,3
8.5572,3
8.56,3
8.5628,3
8.5656,3
8.5684,3
8.5712,3
8.574,3
8.5768,3
8.5796,3
8.5824,3
8.5852,3
8.588,3
8.5908,3
8.5936,3
8.5964,3
8.5992,3
8.602,3
8.6048,3
8.6076,3
8.6104,3
8.6132,3
8.616,3
8.6188,6
8.6216,6
8.6244,256
8.6272,256
8.63,256
8.6328,256
8.6356,6
8.6384,6
8.6412,6
8.644,6
8.6468,6
8.6496,6
8.6524,6
8.6552,6
8.658,6
8.6608,6
8.6636,6
8.6664,6
8.6692,6
8.672,6
8.6748,6
8.6776,6
8.6804,6
8.6832,6
8.686,6
8.6888,6
8.6916,6
8.6944,6
8.6972,6
8.7,6
8.7028,6
8.7056,6
8.7084,6
8.7112,6
8.714,6
8.7168,6
8.7196,6
8.7224,6
8.7252,6
8.728,6
8.7308,6
8.7336,6
8.7364,6
8.7392,6
8.742,6
8.7448,6
8.7476,6
8.7504,6
8.7532,6
8.756,6
8.7588,6
8.7616,6
8.7644,6
8.7672,6
8.77,6
8.7728,6
8.7756,6
8.7784,6
8.7812,6
8.784,6
8.7868,6
8.7896,6
8.7924,6
8.7952,6
8.798,6
8.8008,6
8.8036,6
8.8064,6
8.8092,6
8.812,6
8.8148,6
8.8176,6
8.8204,6
8.8232,6
8.826,6
8.8288,6
8.8316,6
8.8344,6
8.8372,6
8.84,6
8.8428,6
8.8456,6
8.8484,6
8.8512,6
8.854,6
8.8568,6
8.8596,6
8.8624,6
8.8652,6
8.868,6
8.8708,6
8.8736,6
8.8764,6
8.8792,6
8.882,6
8.8848,6
8.8876,6
8.8904,6
8.8932,6
8.896,6
8.8988,6
8.9016,6
8.9044,6
8.9072,6
8.91,6
8.9128,6
8.9156,6
8.9184,6
8.9212,6
8.924,6
8.9268,6
8.9296,6
8.9324,6
8.9352,6
8.938,6
8.9408,6
8.9436,6
8.9464,6
8.9492,6
8.952,6
8.9548,6
8.9576,6
8.9604,6
8.9632,6
8.966,6
8.9688,6
8.9716,6
8.9744,6
8.9772,6
8.98,6
8.9828,6
8.9856,6
8.9884,6
8.9912,6
8.994,6
8.9968,6
8.9996,6
9.0024,6
9.0052,6
9.008,6
9.0108,6
9.0136,6
9.0164,6
9.0192,6
9.022,6
9.0248,6
9.0276,6
9.0304,6
9.0332,6
9.036,6
9.0388,6
9.0416,6
9.0444,6
9.0472,6
9.05,6
9.0528,6
9.0556,6
9.0584,6
9.0612,6
9.064,6
9.0668,6
9.0696,6
9.0724,6
9.0752,6
9.078,6
9.0808,6
9.0836,6
9.0864,6
9.0892,6
9.092,6
9.0948,6
9.0976,6
9.1004,6
9.1032,6
9.106,6
9.1088,6
9.1116,6
9.1144,6
9.1172,6
9.12,6
9.1228,6
9.1256,6
9.1284,6
9.1312,6
9.134,6
9.1368,6
9.1396,6
9.1424,6
9.1452,6
9.148,6
9.1508,6
9.1536,6
9.1564,6
9.1592,6
9.162,6
9.1648,6
9.1676,6
9.1704,6
9.1732,6
9.176,6
9.1788,6
9.1816,6
9.1844,6
9.1872,6
9.19,6
9.1928,6
9.1956,6
9.1984,6
9.2012,6
9.204,6
9.2068,6
9.2096,6
9.2124,6
9.2152,6
9.218,6
9.2208,6
9.2236,6
9.2264,6
9.2292,6
9.232,6
9.2348,6
9.2376,6
9.2404,6
9.2432,6
9.246,6
9.2488,6
9.2516,6
9.2544,6
9.2572,6
9.26,6
9.2628,6
9.2656,6
9.2684,6
9.2712,6
9.274,6
9.2768,6
9.2796,6
9.2824,6
9.2852,6
9.288,6
9.2908,6
9.2936,6
9.2964,6
9.2992,6
9.302,6
9.3048,6
9.3076,6
9.3104,6
9.3132,6
9.316,6
9.3188,6
9.3216,6
9.3244,6
9.3272,6
9.33,6
9.3328,6
9.3356,6
9.3384,6
9.3412,6
9.344,6
9.3468,6
9.3496,6
9.3524,6
9.3552,6
9.358,6
9.3608,6
9.3636,6
9.3664,6
9.3692,6
9.372,6
9.3748,6
9.3776,6
9.3804,6
9.3832,6
9.386,6
9.3888,6
9.3916,6
9.3944,6
9.3972,6
9.4,6
9.4028,6
9.4056,6
9.4084,6
9.4112,6
9.414,6
9.4168,6
9.4196,6
9.4224,6
9.4252,6
9.428,6
9.4308,6
9.4336,6
9.4364,6
9.4392,6
9.442,6
9.4448,6
9.4476,6
9.4504,6
9.4532,6
9.456,6
9.4588,6
9.4616,6
9.4644,6
9.4672,6
9.47,6
9.4728,6
9.4756,6
9.4784,6
9.4812,6
9.484,6
9.4868,6
9.4896,6
9.4924,6
9.4952,6
9.498,6
9.5008,6
9.5036,6
9.5064,6
9.5092,6
9.512,6
9.5148,6
9.5176,6
9.5204,6
9.5232,6
9.526,6
9.5288,6
9.5316,6
9.5344,6
9.5372,6
9.54,6
9.5428,6
9.5456,6
9.5484,6
9.5512,6
9.554,6
9.5568,6
9.5596,6
9.5624,6
9.5652,6
9.568,6
9.5708,6
9.5736,6
9.5764,6
9.5792,6
9.582,6
9.5848,6
9.5876,6
9.5904,6
9.5932,6
9.596,6
9.5988,6
9.6016,6
9.6044,6
9.6072,6
9.61,6
9.6128,6
9.6156,6
9.6184,6
9.6212,6
9.624,6
9.6268,6
9.6296,6
9.6324,6
9.6352,6
9.638,6
9.6408,6
9.6436,6
9.6464,6
9.6492,6
9.652,6
9.6548,6
9.6576,6
9.6604,6
9.6632,6
9.666,6
9.6688,6
9.6716,6
9.6744,6
9.6772,6
9.68,6
9.6828,6
9.6856,6
9.6884,6
9.6912,6
9.694,6
9.6968,6
9.6996,6
9.7024,6
9.7052,6
9.708,6
9.7108,6
9.7136,6
9.7164,6
9.7192,6
9.722,6
9.7248,6
9.7276,6
9.7304,6
9.7332,6
9.736,6
9.7388,6
9.7416,6
9.7444,6
9.7472,6
9.75,6
9.7528,6
9.7556,6
9.7584,6
9.7612,6
9.764,6
9.7668,6
9.7696,6
9.7724,6
9.7752,6
9.778,6
9.7808,6
9.7836,6
9.7864,6
9.7892,6
9.792,6
9.7948,6
9.7976,6
9.8004,6
9.8032,6
9.806,6
9.8088,6
9.8116,6
9.8144,6
9.8172,6
9.82,6
9.8228,6
9.8256,6
9.8284,6
9.8312,6
9.834,6
9.8368,6
9.8396,6
9.8424,6
9.8452,6
9.848,6
9.8508,6
9.8536,6
9.8564,6
9.8592,6
9.862,6
9.8648,6
9.8676,6
9.8704,6
9.8732,6
9.876,6
9.8788,6
9.8816,6
9.8844,6
9.8872,6
9.89,6
9.8928,6
9.8956,6
9.8984,6
9.9012,6
9.904,6
9.9068,6
9.9096,6
9.9124,6
9.9152,6
9.918,6
9.9208,6
9.9236,6
9.9264,6
9.9292,6
9.932,6
9.9348,6
9.9376,6
9.9404,6
9.9432,6
9.946,6
9.9488,6
9.9516,6
9.9544,6
9.9572,6
9.96,6
9.9628,6
9.9656,6
9.9684,6
9.9712,6
9.974,6
9.9768,6
9.9796,6
9.9824,6
9.9852,6
9.988,6
9.9908,6
9.9936,6
9.9964,6
9.9992,6
10.002,6
10.0048,6
10.0076,6
10.0104,6
10.0132,6
10.016,6
10.0188,6
10.0216,6
10.0244,6
10.0272,6
10.03,6
10.0328,6
10.0356,6
10.0384,6
10.0412,6
10.044,6
10.0468,6
10.0496,6
10.0524,6
10.0552,6
10.058,6
10.0608,6
10.0636,6
10.0664,6
10.0692,6
10.072,6
10.0748,6
10.0776,6
10.0804,6
10.0832,6
10.086,6
10.0888,6
10.0916,6
10.0944,6
10.0972,6
10.1,6
10.1028,6
10.1056,6
10.1084,6
10.1112,6
10.114,12
10.1168,256
10.1196,256
10.1224,12
10.1252,12
10.128,12
10.1308,12
10.1336,12
10.1364,12
10.1392,12
10.142,12
10.1448,12
10.1476,12
10.1504,12
10.1532,12
10.156,12
10.1588,12
10.1616,12
10.1644,12
10.1672,12
10.17,12
10.1728,12
10.1756,12
10.1784,12
10.1812,12
10.184,12
10.1868,12
10.1896,12
10.1924,12
10.1952,12
10.198,12
10.2008,12
10.2036,12
10.2064,12
10.2092,12
10.212,12
10.2148,12
10.2176,12
10.2204,12
10.2232,12
10.226,12
10.2288,12
10.2316,12
10.2344,12
10.2372,12
10.24,12
10.2428,12
10.2456,12
10.2484,12
10.2512,12
10.254,12
10.2568,12
10.2596,12
10.2624,12
10.2652,12
10.268,12
10.2708,12
10.2736,12
10.2764,12
10.2792,12
10.282,12
10.2848,12
10.2876,12
10.2904,12
10.2932,12
10.296,12
10.2988,12
10.3016,12
10.3044,12
10.3072,12
10.31,12
10.3128,12
10.3156,12
10.3184,12
10.3212,12
10.324,12
10.3268,12
10.3296,12
10.3324,12
10.3352,12
10.338,12
10.3408,12
10.3436,12
10.3464,12
10.3492,12
10.352,12
10.3548,12
10.3576,12
10.3604,12
10.3632,12
10.366,12
10.3688,12
10.3716,12
10.3744,12
10.3772,12
10.38,12
10.3828,12
10.3856,12
10.3884,12
10.3912,12
10.394,12
10.3968,12
10.3996,12
10.4024,12
10.4052,12
10.408,12
10.4108,12
10.4136,12
10.4164,12
10.4192,12
10.422,12
10.4248,12
10.4276,12
10.4304,12
10.4332,12
10.436,12
10.4388,12
10.4416,12
10.4444,12
10.4472,12
10.45,12
10.4528,12
10.4556,12
10.4584,12
10.4612,12
10.464,12
10.4668,12
10.4696,12
10.4724,12
10.4752,12
10.478,12
10.4808,12
10.4836,12
10.4864,12
10.4892,12
10.492,12
10.4948,12
10.4976,12
10.5004,12
10.5032,12
10.506,12
10.5088,12
10.5116,12
10.5144,12
10.5172,12
10.52,12
10.5228,12
10.5256,12
10.5284,12
10.5312,12
10.534,256
10.5368,24
10.5396,24
10.5424,24
10.5452,24
10.548,24
10.5508,24
10.5536,24
10.5564,24
10.5592,24
10.562,24
10.5648,24
10.5676,24
10.5704,24
10.5732,24
10.576,24
10.5788,24
10.5816,24
10.5844,24
10.5872,24
10.59,24
10.5928,24
10.5956,24
10.5984,24
10.6012,24
10.604,24
10.6068,24
10.6096,24
10.6124,24
10.6152,24
10.618,24
10.6208,24
10.6236,24
10.6264,24
10.6292,48
10.632,48
10.6348,48
10.6376,48
10.6404,48
10.6432,48
10.646,48
10.6488,48
10.6516,96
10.6544,96
10.6572,256
10.66,256
10.6628,256
10.6656,216
10.6684,256
10.6712,256
10.674,256
10.6768,192
10.6796,256
10.6824,256
10.6852,256
10.688,256
10.6908,256
10.6936,60
10.6964,256
10.6992,256
10.702,256
10.7048,256
10.7076,256
10.7104,256
10.7132,256
10.716,36
10.7188,256
10.7216,256
10.7244,256
10.7272,256
10.73,256
10.7328,256
10.7356,256
10.7384,256
10.7412,256
10.744,256
10.7468,256
10.7496,256
10.7524,256
10.7552,256
10.758,256
10.7608,256
10.7636,256
10.7664,256
10.7692,256
10.772,256
10.7748,256
10.7776,256
10.7804,256
10.7832,256
10.786,256
10.7888,256
10.7916,256
10.7944,256
10.7972,256
10.8,256
10.8028,256
10.8056,256
10.8084,256
10.8112,256
10.814,256
10.8168,256
10.8196,256
10.8224,256
10.8252,256
10.828,256
10.8308,30
10.8336,60
10.8364,256
10.8392,256
10.842,256
10.8448,256
10.8476,256
10.8504,256
10.8532,256
10.856,256
10.8588,256
10.8616,256
10.8644,256
10.8672,256
10.87,256
10.8728,256
10.8756,256
10.8784,256
10.8812,256
10.884,256
10.8868,256
10.8896,256
10.8924,256
10.8952,256
10.898,256
10.9008,256
10.9036,256
10.9064,256
10.9092,256
10.912,256
10.9148,256
10.9176,256
10.9204,256
10.9232,256
10.926,256
10.9288,256
10.9316,256
10.9344,256
10.9372,256
10.94,18
10.9428,18
10.9456,18
10.9484,18
10.9512,18
10.954,18
10.9568,18
10.9596,36
10.9624,36
10.9652,36
10.968,36
10.9708,72
10.9736,256
10.9764,256
10.9792,256
10.982,256
10.9848,256
10.9876,256
10.9904,256
10.9932,256
10.996,256
10.9988,256
11.0016,256
11.0044,256
11.0072,256
11.01,256
11.0128,256
11.0156,256
11.0184,256
11.0212,256
11.024,256
11.0268,256
11.0296,256
11.0324,256
11.0352,256
11.038,256
11.0408,256
11.0436,256
11.0464,256
11.0492,60
11.052,256
11.0548,256
11.0576,256
11.0604,256
11.0632,256
11.066,256
11.0688,256
11.0716,256
11.0744,256
11.0772,256
11.08,256
11.0828,256
11.0856,256
11.0884,256
11.0912,256
11.094,256
11.0968,256
11.0996,256
11.1024,256
11.1052,256
11.108,256
11.1108,256
11.1136,256
11.1164,256
11.1192,256
11.122,256
11.1248,256
11.1276,256
11.1304,256
11.1332,24
11.136,256
11.1388,256
11.1416,256
11.1444,256
11.1472,256
11.15,256
11.1528,256
11.1556,256
11.1584,256
11.1612,256
11.164,256
11.1668,256
11.1696,256
11.1724,256
11.1752,256
11.178,256
11.1808,256
11.1836,256
11.1864,256
11.1892,256
11.192,256
11.1948,30
11.1976,256
11.2004,256
11.2032,256
11.206,256
11.2088,256
11.2116,256
11.2144,256
11.2172,256
11.22,256
11.2228,256
11.2256,256
11.2284,256
11.2312,256
11.234,256
11.2368,256
11.2396,256
11.2424,256
11.2452,256
11.248,256
11.2508,256
11.2536,256
11.2564,256
11.2592,256
11.262,256
11.2648,256
11.2676,256
11.2704,256
11.2732,256
11.276,256
11.2788,256
11.2816,256
11.2844,256
11.2872,256
11.29,256
11.2928,256
11.2956,256
11.2984,256
11.3012,256
11.304,256
11.3068,256
11.3096,256
11.3124,256
11.3152,256
11.318,256
11.3208,256
11.3236,256
11.3264,256
11.3292,256
11.332,256
11.3348,256
11.3376,256
11.3404,256
11.3432,256
11.346,256
11.3488,256
11.3516,256
11.3544,256
11.3572,256
11.36,256
11.3628,256
11.3656,256
11.3684,21
11.3712,256
11.374,256
11.3768,256
11.3796,256
11.3824,256
11.3852,256
11.388,256
11.3908,256
11.3936,256
11.3964,256
11.3992,256
11.402,256
11.4048,256
11.4076,256
11.4104,256
11.4132,256
11.416,256
11.4188,256
11.4216,256
11.4244,256
11.4272,256
11.43,256
11.4328,256
11.4356,256
11.4384,256
11.4412,256
11.444,256
11.4468,256
11.4496,256
11.4524,256
11.4552,256
11.458,256
11.4608,256
11.4636,256
11.4664,256
11.4692,256
11.472,256
11.4748,256
11.4776,256
11.4804,256
11.4832,256
11.486,256
11.4888,33
11.4916,256
11.4944,256
11.4972,256
11.5,256
11.5028,256
11.5056,256
11.5084,256
11.5112,256
11.514,256
11.5168,256
11.5196,256
11.5224,256
11.5252,256
11.528,256
11.5308,256
11.5336,256
11.5364,256
11.5392,256
11.542,256
11.5448,256
11.5476,256
11.5504,256
11.5532,256
11.556,256
11.5588,256
11.5616,256
11.5644,256
11.5672,256
11.57,256
11.5728,256
11.5756,15
11.5784,15
11.5812,15
11.584,15
11.5868,15
11.5896,30
11.5924,30
11.5952,30
11.598,60
11.6008,256
11.6036,256
11.6064,256
11.6092,256
11.612,256
11.6148,256
11.6176,256
11.6204,256
11.6232,256
11.626,256
11.6288,256
11.6316,256
11.6344,256
11.6372,256
11.64,256
11.6428,256
11.6456,256
11.6484,256
11.6512,256
11.654,256
11.6568,256
11.6596,256
11.6624,256
11.6652,256
11.668,256
11.6708,256
11.6736,256
11.6764,256
11.6792,256
11.682,256
11.6848,256
11.6876,256
11.6904,256
11.6932,256
11.696,256
11.6988,256
11.7016,256
11.7044,256
11.7072,256
11.71,256
11.7128,256
11.7156,256
11.7184,256
11.7212,256
11.724,256
11.7268,256
11.7296,256
11.7324,256
11.7352,256
11.738,256
11.7408,256
11.7436,256
11.7464,256
11.7492,256
11.752,256
11.7548,256
11.7576,256
11.7604,256
11.7632,256
11.766,256
11.7688,256
11.7716,256
11.7744,256
11.7772,21
11.78,256
11.7828,256
11.7856,256
11.7884,256
11.7912,256
11.794,256
11.7968,256
11.7996,256
11.8024,256
11.8052,256
11.808,256
11.8108,256
11.8136,256
11.8164,256
11.8192,256
11.822,256
11.8248,256
11.8276,256
11.8304,256
11.8332,256
11.836,256
11.8388,256
11.8416,256
11.8444,256
11.8472,256
11.85,256
11.8528,256
11.8556,256
11.8584,256
11.8612,256
11.864,256
11.8668,256
11.8696,256
11.8724,256
11.8752,256
11.878,256
11.8808,256
11.8836,256
11.8864,256
11.8892,256
11.892,256
11.8948,256
11.8976,256
11.9004,256
11.9032,256
11.906,256
11.9088,256
11.9116,256
11.9144,256
11.9172,256
11.92,256
11.9228,256
11.9256,256
11.9284,256
11.9312,256
11.934,256
11.9368,256
11.9396,256
11.9424,256
11.9452,256
11.948,256
11.9508,256
11.9536,256
11.9564,256
11.9592,256
11.962,256
11.9648,256
11.9676,256
11.9704,256
11.9732,256
11.976,256
11.9788,256
11.9816,256
11.9844,256
11.9872,256
11.99,256
11.9928,256
11.9956,256
11.9984,256
12.0012,256
12.004,256
12.0068,256
12.0096,256
12.0124,256
12.0152,256
12.018,256
12.0208,256
12.0236,256
12.0264,256
12.0292,256
12.032,256
12.0348,256
12.0376,256
12.0404,256
12.0432,256
12.046,256
12.0488,256
12.0516,256
12.0544,256
12.0572,256
12.06,256
12.0628,256
12.0656,256
12.0684,256
12.0712,256
12.074,256
12.0768,256
12.0796,256
12.0824,256
12.0852,256
12.088,256
12.0908,256
12.0936,9
12.0964,9
12.0992,9
12.102,9
12.1048,9
12.1076,9
12.1104,9
12.1132,9
12.116,9
12.1188,9
12.1216,9
12.1244,9
12.1272,9
12.13,9
12.1328,9
12.1356,9
12.1384,9
12.1412,9
12.144,9
12.1468,9
12.1496,9
12.1524,9
12.1552,9
12.158,256
12.1608,18
12.1636,18
12.1664,18
12.1692,18
12.172,18
12.1748,18
12.1776,18
12.1804,18
12.1832,18
12.186,18
12.1888,18
12.1916,36
12.1944,36
12.1972,72
12.2,256
12.2028,256
12.2056,256
12.2084,256
12.2112,256
12.214,256
12.2168,256
12.2196,256
12.2224,54
12.2252,256
12.228,256
12.2308,256
12.2336,256
12.2364,256
12.2392,256
12.242,256
12.2448,256
12.2476,256
12.2504,256
12.2532,256
12.256,256
12.2588,256
12.2616,256
12.2644,256
12.2672,256
12.27,256
12.2728,256
12.2756,256
12.2784,256
12.2812,256
12.284,256
12.2868,256
12.2896,256
12.2924,256
12.2952,256
12.298,256
12.3008,256
12.3036,256
12.3064,256
12.3092,256
12.312,256
12.3148,256
12.3176,256
12.3204,256
12.3232,256
12.326,256
12.3288,256
12.3316,256
12.3344,256
12.3372,256
12.34,256
12.3428,256
12.3456,256
12.3484,256
12.3512,256
12.354,256
12.3568,256
12.3596,256
12.3624,256
12.3652,256
12.368,256
12.3708,256
12.3736,256
12.3764,256
12.3792,256
12.382,256
12.3848,256
12.3876,256
12.3904,256
12.3932,256
12.396,256
12.3988,256
12.4016,256
12.4044,256
12.4072,256
12.41,256
12.4128,256
12.4156,256
12.4184,256
12.4212,256
12.424,256
12.4268,256
12.4296,256
12.4324,256
12.4352,256
12.438,256
12.4408,256
12.4436,256
12.4464,256
12.4492,256
12.452,256
12.4548,256
12.4576,256
12.4604,256
12.4632,256
12.466,256
12.4688,256
12.4716,256
12.4744,256
12.4772,256
12.48,256
12.4828,256
12.4856,256
12.4884,256
12.4912,256
12.494,256
12.4968,256
12.4996,256
12.5024,24
12.5052,256
12.508,256
12.5108,256
12.5136,256
12.5164,256
12.5192,256
12.522,256
12.5248,256
12.5276,256
12.5304,256
12.5332,256
12.536,256
12.5388,15
12.5416,256
12.5444,256
12.5472,256
12.55,256
12.5528,256
12.5556,256
12.5584,256
12.5612,256
12.564,256
12.5668,256
12.5696,256
12.5724,256
12.5752,256
12.578,256
12.5808,256
12.5836,256
12.5864,256
12.5892,256
12.592,256
12.5948,256
12.5976,256
12.6004,256
12.6032,256
12.606,256
12.6088,256
12.6116,256
12.6144,256
12.6172,256
12.62,256
12.6228,256
12.6256,256
12.6284,256
12.6312,256
12.634,256
12.6368,256
12.6396,256
12.6424,256
12.6452,256
12.648,256
12.6508,256
12.6536,256
12.6564,256
12.6592,256
12.662,256
12.6648,256
12.6676,256
12.6704,256
12.6732,256
12.676,256
12.6788,256
12.6816,256
12.6844,256
12.6872,256
12.69,256
12.6928,256
12.6956,256
12.6984,256
12.7012,256
12.704,256
12.7068,256
12.7096,256
12.7124,256
12.7152,256
12.718,256
12.7208,256
12.7236,256
12.7264,256
12.7292,256
12.732,256
12.7348,256
12.7376,256
12.7404,256
12.7432,256
12.746,256
12.7488,256
12.7516,256
12.7544,256
12.7572,256
12.76,256
12.7628,256
12.7656,256
12.7684,256
12.7712,256
12.774,256
12.7768,256
12.7796,256
12.7824,256
12.7852,256
12.788,256
12.7908,256
12.7936,256
12.7964,256
12.7992,256
12.802,256
12.8048,256
12.8076,256
12.8104,256
12.8132,256
12.816,256
12.8188,256
12.8216,256
12.8244,256
12.8272,256
12.83,256
12.8328,256
12.8356,256
12.8384,256
12.8412,256
12.844,256
12.8468,256
12.8496,256
12.8524,256
12.8552,256
12.858,256
12.8608,256
12.8636,256
12.8664,256
12.8692,256
12.872,12
12.8748,256
12.8776,256
12.8804,256
12.8832,256
12.886,256
12.8888,256
12.8916,256
12.8944,256
12.8972,256
12.9,256
12.9028,256
12.9056,256
12.9084,256
12.9112,256
12.914,256
12.9168,256
12.9196,256
12.9224,256
12.9252,256
12.928,256
12.9308,256
12.9336,256
12.9364,256
12.9392,256
12.942,256
12.9448,256
12.9476,256
12.9504,256
12.9532,256
12.956,256
12.9588,256
12.9616,256
12.9644,256
12.9672,256
12.97,256
12.9728,256
12.9756,256
12.9784,256
12.9812,256
12.984,256
12.9868,256
12.9896,256
12.9924,256
12.9952,256
12.998,256
13.0008,256
13.0036,256
13.0064,256
13.0092,256
13.012,256
13.0148,256
13.0176,256
13.0204,256
13.0232,256
13.026,256
13.0288,256
13.0316,256
13.0344,256
13.0372,256
13.04,256
13.0428,256
13.0456,256
13.0484,256
13.0512,256
13.054,256
13.0568,256
13.0596,256
13.0624,256
13.0652,256
13.068,256
13.0708,256
13.0736,256
13.0764,256
13.0792,256
13.082,256
13.0848,256
13.0876,256
13.0904,256
13.0932,256
13.096,256
13.0988,256
13.1016,256
13.1044,256
13.1072,256
13.11,256
13.1128,256
13.1156,256
13.1184,256
13.1212,256
13.124,256
13.1268,256
13.1296,256
13.1324,256
13.1352,256
13.138,256
13.1408,256
13.1436,256
13.1464,256
13.1492,256
13.152,256
13.1548,256
13.1576,256
13.1604,256
13.1632,256
13.166,256
13.1688,256
13.1716,256
13.1744,256
13.1772,256
13.18,256
13.1828,256
13.1856,256
13.1884,256
13.1912,256
13.194,256
13.1968,256
13.1996,256
13.2024,256
13.2052,256
13.208,256
13.2108,256
13.2136,256
13.2164,256
13.2192,256
13.222,256
13.2248,256
13.2276,256
13.2304,256
13.2332,256
13.236,256
13.2388,256
13.2416,256
13.2444,256
13.2472,256
13.25,256
13.2528,256
13.2556,256
13.2584,256
13.2612,256
13.264,256
13.2668,256
13.2696,256
13.2724,256
13.2752,256
13.278,256
13.2808,256
13.2836,256
13.2864,256
13.2892,256
13.292,256
13.2948,256
13.2976,256
13.3004,256
13.3032,256
13.306,256
13.3088,256
13.3116,256
13.3144,256
13.3172,256
13.32,256
13.3228,256
13.3256,256
13.3284,256
13.3312,256
13.334,256
13.3368,256
13.3396,256
13.3424,256
13.3452,256
13.348,256
13.3508,256
13.3536,256
13.3564,256
13.3592,256
13.362,256
13.3648,256
13.3676,256
13.3704,256
13.3732,256
13.376,256
13.3788,256
13.3816,256
13.3844,256
13.3872,256
13.39,256
13.3928,256
13.3956,256
13.3984,256
13.4012,256
13.404,256
13.4068,256
13.4096,256
13.4124,256
13.4152,256
13.418,256
13.4208,256
13.4236,256
13.4264,256
13.4292,256
13.432,256
13.4348,256
13.4376,256
13.4404,256
13.4432,256
13.446,256
13.4488,256
13.4516,256
13.4544,256
13.4572,256
13.46,256
13.4628,256
13.4656,256
13.4684,256
13.4712,256
13.474,256
13.4768,256
13.4796,256
13.4824,256
13.4852,256
13.488,256
13.4908,256
13.4936,256
13.4964,256
13.4992,256
13.502,256
13.5048,256
13.5076,256
13.5104,256
13.5132,256
13.516,256
13.5188,256
13.5216,256
13.5244,256
13.5272,256
13.53,256
13.5328,256
13.5356,256
13.5384,256
13.5412,256
13.544,256
13.5468,256
13.5496,256
13.5524,256
13.5552,256
13.558,256
13.5608,256
13.5636,256
13.5664,256
13.5692,256
13.572,256
13.5748,256
13.5776,256
13.5804,256
13.5832,256
13.586,256
13.5888,256
13.5916,256
13.5944,256
13.5972,256
13.6,256
13.6028,256
13.6056,256
13.6084,256
13.6112,256
13.614,256
13.6168,256
13.6196,256
13.6224,256
13.6252,256
13.628,256
13.6308,256
13.6336,256
13.6364,256
13.6392,256
13.642,256
13.6448,256
13.6476,256
13.6504,256
13.6532,256
13.656,11
13.6588,256
13.6616,256
13.6644,256
13.6672,256
13.67,256
13.6728,256
13.6756,256
13.6784,256
13.6812,256
13.684,256
13.6868,256
13.6896,256
13.6924,256
13.6952,256
13.698,256
13.7008,256
13.7036,256
13.7064,256
13.7092,256
13.712,256
13.7148,256
13.7176,256
13.7204,256
13.7232,256
13.726,256
13.7288,256
13.7316,256
13.7344,256
13.7372,256
13.74,256
13.7428,256
13.7456,256
13.7484,256
13.7512,256
13.754,256
13.7568,256
13.7596,256
13.7624,256
13.7652,256
13.768,256
13.7708,256
13.7736,256
13.7764,256
13.7792,256
13.782,256
13.7848,256
13.7876,256
13.7904,256
13.7932,256
13.796,256
13.7988,256
13.8016,256
13.8044,256
13.8072,256
13.81,256
13.8128,256
13.8156,256
13.8184,256
13.8212,256
13.824,256
13.8268,256
13.8296,256
13.8324,256
13.8352,256
13.838,256
13.8408,256
13.8436,256
13.8464,256
13.8492,256
13.852,256
13.8548,256
13.8576,256
13.8604,256
13.8632,256
13.866,256
13.8688,256
13.8716,256
13.8744,256
13.8772,256
13.88,256
13.8828,256
13.8856,256
13.8884,256
13.8912,256
13.894,256
13.8968,256
13.8996,256
13.9024,256
13.9052,256
13.908,256
13.9108,256
13.9136,256
13.9164,256
13.9192,256
13.922,256
13.9248,256
13.9276,256
13.9304,256
13.9332,256
13.936,256
13.9388,256
13.9416,256
13.9444,256
13.9472,256
13.95,256
13.9528,256
13.9556,256
13.9584,256
13.9612,256
13.964,256
13.9668,256
13.9696,256
13.9724,256
13.9752,256
13.978,256
13.9808,256
13.9836,256
13.9864,256
13.9892,256
13.992,256
13.9948,256
13.9976,256
14.0004,256
14.0032,256
14.006,256
14.0088,256
14.0116,256
14.0144,256
14.0172,256
14.02,256
14.0228,256
14.0256,256
14.0284,256
14.0312,256
14.034,256
14.0368,256
14.0396,256
14.0424,256
14.0452,256
14.048,256
14.0508,256
14.0536,256
14.0564,256
14.0592,256
14.062,256
14.0648,256
14.0676,256
14.0704,256
14.0732,256
14.076,256
14.0788,256
14.0816,256
14.0844,256
14.0872,256
14.09,256
14.0928,256
14.0956,256
14.0984,256
14.1012,256
14.104,256
14.1068,256
14.1096,256
14.1124,256
14.1152,256
14.118,256
14.1208,256
14.1236,256
14.1264,256
14.1292,256
14.132,256
14.1348,256
14.1376,256
14.1404,256
14.1432,256
14.146,256
14.1488,256
14.1516,256
14.1544,256
14.1572,256
14.16,256
14.1628,256
14.1656,256
14.1684,256
14.1712,256
14.174,256
14.1768,256
14.1796,256
14.1824,256
14.1852,256
14.188,256
14.1908,256
14.1936,256
14.1964,256
14.1992,256
14.202,256
14.2048,256
14.2076,256
14.2104,256
14.2132,256
14.216,256
14.2188,256
14.2216,256
14.2244,256
14.2272,256
14.23,256
14.2328,256
14.2356,256
14.2384,256
14.2412,256
14.244,256
14.2468,256
14.2496,256
14.2524,256
14.2552,256
14.258,256
14.2608,256
14.2636,256
14.2664,256
14.2692,256
14.272,256
14.2748,256
14.2776,256
14.2804,256
14.2832,256
14.286,256
14.2888,256
14.2916,256
14.2944,256
14.2972,256
14.3,256
14.3028,256
14.3056,256
14.3084,256
14.3112,256
14.314,256
14.3168,256
14.3196,256
14.3224,256
14.3252,256
14.328,256
14.3308,256
14.3336,256
14.3364,10
14.3392,256
14.342,256
14.3448,256
14.3476,256
14.3504,256
14.3532,256
14.356,256
14.3588,256
14.3616,256
14.3644,256
14.3672,256
14.37,256
14.3728,256
14.3756,256
14.3784,256
14.3812,256
14.384,256
14.3868,256
14.3896,256
14.3924,256
14.3952,256
14.398,256
14.4008,256
14.4036,256
14.4064,256
14.4092,256
14.412,256
14.4148,256
14.4176,256
14.4204,256
14.4232,256
14.426,256
14.4288,256
14.4316,256
14.4344,256
14.4372,256
14.44,256
14.4428,256
14.4456,256
14.4484,256
14.4512,256
14.454,256
14.4568,256
14.4596,256
14.4624,256
14.4652,256
14.468,256
14.4708,256
14.4736,256
14.4764,256
14.4792,256
14.482,256
14.4848,256
14.4876,256
14.4904,256
14.4932,256
14.496,256
14.4988,256
14.5016,256
14.5044,256
14.5072,256
14.51,256
14.5128,256
14.5156,256
14.5184,256
14.5212,256
14.524,256
14.5268,256
14.5296,256
14.5324,256
14.5352,256
14.538,256
14.5408,256
14.5436,256
14.5464,256
14.5492,256
14.552,256
14.5548,256
14.5576,256
14.5604,256
14.5632,256
14.566,256
14.5688,256
14.5716,256
14.5744,256
14.5772,256
14.58,256
14.5828,256
14.5856,256
14.5884,256
14.5912,256
14.594,256
14.5968,256
14.5996,256
14.6024,256
14.6052,256
14.608,256
14.6108,256
14.6136,256
14.6164,256
14.6192,256
14.622,256
14.6248,256
14.6276,256
14.6304,256
14.6332,256
14.636,256
14.6388,256
14.6416,256
14.6444,256
14.6472,256
14.65,256
14.6528,256
14.6556,256
14.6584,256
14.6612,256
14.664,256
14.6668,256
14.6696,256
14.6724,256
14.6752,256
14.678,256
14.6808,256
14.6836,256
14.6864,256
14.6892,256
14.692,256
14.6948,256
14.6976,256
14.7004,256
14.7032,256
14.706,256
14.7088,256
14.7116,256
14.7144,256
14.7172,256
14.72,256
14.7228,256
14.7256,256
14.7284,256
14.7312,256
14.734,256
14.7368,256
14.7396,256
14.7424,256
14.7452,256
14.748,256
14.7508,256
14.7536,256
14.7564,256
14.7592,256
14.762,256
14.7648,256
14.7676,256
14.7704,256
14.7732,256
14.776,256
14.7788,256
14.7816,256
14.7844,256
14.7872,256
14.79,256
14.7928,256
14.7956,256
14.7984,256
14.8012,256
14.804,256
14.8068,256
14.8096,256
14.8124,256
14.8152,256
14.818,256
14.8208,256
14.8236,256
14.8264,256
14.8292,256
14.832,256
14.8348,256
14.8376,256
14.8404,256
14.8432,256
14.846,256
14.8488,256
14.8516,256
14.8544,256
14.8572,256
14.86,256
14.8628,256
14.8656,256
14.8684,256
14.8712,256
14.874,256
14.8768,256
14.8796,256
14.8824,256
14.8852,256
14.888,256
14.8908,256
14.8936,256
14.8964,256
14.8992,256
14.902,256
14.9048,256
14.9076,256
14.9104,256
14.9132,256
14.916,256
14.9188,256
14.9216,256
14.9244,256
14.9272,256
14.93,256
14.9328,256
14.9356,256
14.9384,256
14.9412,256
14.944,256
14.9468,256
14.9496,256
14.9524,256
14.9552,256
14.958,256
14.9608,256
14.9636,256
14.9664,256
14.9692,256
14.972,256
14.9748,256
14.9776,256
14.9804,256
14.9832,256
14.986,256
14.9888,256
14.9916,256
14.9944,256
14.9972,256
