[[-1.97107438  0.17768595  0.17768595  0.17768595  0.17768595  0.17768595
   0.17768595  0.17768595  0.17768595  0.17768595]
 [ 0.17768595 -1.97107438  0.17768595  0.17768595  0.17768595  0.17768595
   0.17768595  0.17768595  0.17768595  0.17768595]
 [ 0.17768595  0.17768595 -1.97107438  0.17768595  0.17768595  0.17768595
   0.17768595  0.17768595  0.17768595  0.17768595]
 [ 0.17768595  0.17768595  0.17768595 -1.97107438  0.17768595  0.17768595
   0.17768595  0.17768595  0.17768595  0.17768595]
 [ 0.17768595  0.17768595  0.17768595  0.17768595 -1.97107438  0.17768595
   0.17768595  0.17768595  0.17768595  0.17768595]
 [ 0.17768595  0.17768595  0.17768595  0.17768595  0.17768595 -1.97107438
   0.17768595  0.17768595  0.17768595  0.17768595]
 [ 0.17768595  0.17768595  0.17768595  0.17768595  0.17768595  0.17768595
  -1.97107438  0.17768595  0.17768595  0.17768595]
 [ 0.17768595  0.17768595  0.17768595  0.17768595  0.17768595  0.17768595
   0.17768595 -1.97107438  0.17768595  0.17768595]
 [ 0.17768595  0.17768595  0.17768595  0.17768595  0.17768595  0.17768595
   0.17768595  0.17768595 -1.97107438  0.17768595]
 [ 0.17768595  0.17768595  0.17768595  0.17768595  0.17768595  0.17768595
   0.17768595  0.17768595  0.17768595 -1.97107438]]
